areaType,areaName,areaCode,date,newPeopleVaccinatedFirstDoseByPublishDate,cumPeopleVaccinatedFirstDoseByPublishDate
overview,United Kingdom,K02000001,2021-06-24,221534,43877861
overview,United Kingdom,K02000001,2021-06-23,207647,43656327
overview,United Kingdom,K02000001,2021-06-22,299837,43448680
overview,United Kingdom,K02000001,2021-06-21,21080,43148843
overview,United Kingdom,K02000001,2021-06-20,163750,43127763
overview,United Kingdom,K02000001,2021-06-19,280241,42964013
overview,United Kingdom,K02000001,2021-06-18,223140,42683772
overview,United Kingdom,K02000001,2021-06-17,243978,42460632
overview,United Kingdom,K02000001,2021-06-16,195565,42216654
overview,United Kingdom,K02000001,2021-06-15,190033,42021089
overview,United Kingdom,K02000001,2021-06-14,132627,41831056
overview,United Kingdom,K02000001,2021-06-13,147228,41698429
overview,United Kingdom,K02000001,2021-06-12,254185,41551201
overview,United Kingdom,K02000001,2021-06-11,208531,41297016
overview,United Kingdom,K02000001,2021-06-10,201607,41088485
overview,United Kingdom,K02000001,2021-06-09,176559,40886878
overview,United Kingdom,K02000001,2021-06-08,136802,40710319
overview,United Kingdom,K02000001,2021-06-07,112941,40573517
overview,United Kingdom,K02000001,2021-06-06,127345,40460576
overview,United Kingdom,K02000001,2021-06-05,203613,40333231
overview,United Kingdom,K02000001,2021-06-04,179924,40129618
overview,United Kingdom,K02000001,2021-06-03,191266,39949694
overview,United Kingdom,K02000001,2021-06-02,172763,39758428
overview,United Kingdom,K02000001,2021-06-01,108507,39585665
overview,United Kingdom,K02000001,2021-05-31,93103,39477158
overview,United Kingdom,K02000001,2021-05-30,124887,39384055
overview,United Kingdom,K02000001,2021-05-29,183526,39259168
overview,United Kingdom,K02000001,2021-05-28,204442,39075642
overview,United Kingdom,K02000001,2021-05-27,256517,38871200
overview,United Kingdom,K02000001,2021-05-26,236119,38614683
overview,United Kingdom,K02000001,2021-05-25,186147,38378564
overview,United Kingdom,K02000001,2021-05-24,122379,38192417
overview,United Kingdom,K02000001,2021-05-23,126357,38070038
overview,United Kingdom,K02000001,2021-05-22,205410,37943681
overview,United Kingdom,K02000001,2021-05-21,219657,37738271
overview,United Kingdom,K02000001,2021-05-20,268251,37518614
overview,United Kingdom,K02000001,2021-05-19,264858,37250363
overview,United Kingdom,K02000001,2021-05-18,174100,36985505
overview,United Kingdom,K02000001,2021-05-17,106733,36811405
overview,United Kingdom,K02000001,2021-05-16,131318,36704672
overview,United Kingdom,K02000001,2021-05-15,237331,36573354
overview,United Kingdom,K02000001,2021-05-14,220068,36336023
overview,United Kingdom,K02000001,2021-05-13,209284,36115955
overview,United Kingdom,K02000001,2021-05-12,184210,35906671
overview,United Kingdom,K02000001,2021-05-11,135113,35722461
overview,United Kingdom,K02000001,2021-05-10,115053,35587348
overview,United Kingdom,K02000001,2021-05-09,100626,35472295
overview,United Kingdom,K02000001,2021-05-08,169027,35371669
overview,United Kingdom,K02000001,2021-05-07,133001,35202642
overview,United Kingdom,K02000001,2021-05-06,135470,35069641
overview,United Kingdom,K02000001,2021-05-05,139097,34934171
overview,United Kingdom,K02000001,2021-05-04,127170,34795074
overview,United Kingdom,K02000001,2021-05-03,72600,34667904
overview,United Kingdom,K02000001,2021-05-02,89924,34595304
overview,United Kingdom,K02000001,2021-05-01,143175,34505380
overview,United Kingdom,K02000001,2021-04-30,145589,34362205
overview,United Kingdom,K02000001,2021-04-29,122568,34216616
overview,United Kingdom,K02000001,2021-04-28,134140,34094048
overview,United Kingdom,K02000001,2021-04-27,116328,33959908
overview,United Kingdom,K02000001,2021-04-26,90695,33843580
overview,United Kingdom,K02000001,2021-04-25,79695,33752885
overview,United Kingdom,K02000001,2021-04-24,148767,33673190
overview,United Kingdom,K02000001,2021-04-23,135786,33524423
overview,United Kingdom,K02000001,2021-04-22,130986,33388637
overview,United Kingdom,K02000001,2021-04-21,117909,33257651
overview,United Kingdom,K02000001,2021-04-20,107622,33139742
overview,United Kingdom,K02000001,2021-04-19,99672,33032120
overview,United Kingdom,K02000001,2021-04-18,83225,32932448
overview,United Kingdom,K02000001,2021-04-17,139445,32849223
overview,United Kingdom,K02000001,2021-04-16,135557,32709778
overview,United Kingdom,K02000001,2021-04-15,129782,32574221
overview,United Kingdom,K02000001,2021-04-14,117835,32444439
overview,United Kingdom,K02000001,2021-04-13,76123,32326604
overview,United Kingdom,K02000001,2021-04-12,59905,32250481
overview,United Kingdom,K02000001,2021-04-11,69223,32190576
overview,United Kingdom,K02000001,2021-04-10,111109,32121353
overview,United Kingdom,K02000001,2021-04-09,106878,32010244
overview,United Kingdom,K02000001,2021-04-08,96242,31903366
overview,United Kingdom,K02000001,2021-04-07,99530,31807124
overview,United Kingdom,K02000001,2021-04-06,85227,31707594
overview,United Kingdom,K02000001,2021-04-05,40744,31622367
overview,United Kingdom,K02000001,2021-04-04,48055,31581623
overview,United Kingdom,K02000001,2021-04-03,107886,31533568
overview,United Kingdom,K02000001,2021-04-02,107420,31425682
overview,United Kingdom,K02000001,2021-04-01,170818,31318262
overview,United Kingdom,K02000001,2021-03-31,239434,31147444
overview,United Kingdom,K02000001,2021-03-30,225917,30908010
overview,United Kingdom,K02000001,2021-03-29,236809,30682093
overview,United Kingdom,K02000001,2021-03-28,293548,30445284
overview,United Kingdom,K02000001,2021-03-27,424301,30151736
overview,United Kingdom,K02000001,2021-03-26,411305,29727435
overview,United Kingdom,K02000001,2021-03-25,324942,29316130
overview,United Kingdom,K02000001,2021-03-24,337665,28991188
overview,United Kingdom,K02000001,2021-03-23,325650,28653523
overview,United Kingdom,K02000001,2021-03-22,329897,28327873
overview,United Kingdom,K02000001,2021-03-21,367006,27997976
overview,United Kingdom,K02000001,2021-03-20,752308,27630970
overview,United Kingdom,K02000001,2021-03-19,614930,26878662
overview,United Kingdom,K02000001,2021-03-18,528260,26263732
overview,United Kingdom,K02000001,2021-03-17,462246,25735472
overview,United Kingdom,K02000001,2021-03-16,433320,25273226
overview,United Kingdom,K02000001,2021-03-15,386685,24839906
overview,United Kingdom,K02000001,2021-03-14,257010,24453221
overview,United Kingdom,K02000001,2021-03-13,512108,24196211
overview,United Kingdom,K02000001,2021-03-12,369578,23684103
overview,United Kingdom,K02000001,2021-03-11,260809,23314525
overview,United Kingdom,K02000001,2021-03-10,243887,23053716
overview,United Kingdom,K02000001,2021-03-09,217301,22809829
overview,United Kingdom,K02000001,2021-03-08,215273,22592528
overview,United Kingdom,K02000001,2021-03-07,164143,22377255
overview,United Kingdom,K02000001,2021-03-06,416834,22213112
overview,United Kingdom,K02000001,2021-03-05,437463,21796278
overview,United Kingdom,K02000001,2021-03-04,376244,21358815
overview,United Kingdom,K02000001,2021-03-03,278956,20982571
overview,United Kingdom,K02000001,2021-03-02,224996,20703615
overview,United Kingdom,K02000001,2021-03-01,203168,20478619
overview,United Kingdom,K02000001,2021-02-28,185900,20275451
overview,United Kingdom,K02000001,2021-02-27,407503,20089551
overview,United Kingdom,K02000001,2021-02-26,504493,19682048
overview,United Kingdom,K02000001,2021-02-25,485720,19177555
overview,United Kingdom,K02000001,2021-02-24,448962,18691835
overview,United Kingdom,K02000001,2021-02-23,326692,18242873
overview,United Kingdom,K02000001,2021-02-22,192341,17916181
overview,United Kingdom,K02000001,2021-02-21,141719,17723840
overview,United Kingdom,K02000001,2021-02-20,334679,17582121
overview,United Kingdom,K02000001,2021-02-19,371906,17247442
overview,United Kingdom,K02000001,2021-02-18,452454,16875536
overview,United Kingdom,K02000001,2021-02-17,482110,16423082
overview,United Kingdom,K02000001,2021-02-16,364865,15940972
overview,United Kingdom,K02000001,2021-02-15,275956,15576107
overview,United Kingdom,K02000001,2021-02-14,237962,15300151
overview,United Kingdom,K02000001,2021-02-13,505362,15062189
overview,United Kingdom,K02000001,2021-02-12,544603,14556827
overview,United Kingdom,K02000001,2021-02-11,503116,14012224
overview,United Kingdom,K02000001,2021-02-10,450810,13509108
overview,United Kingdom,K02000001,2021-02-09,411812,13058298
overview,United Kingdom,K02000001,2021-02-08,352480,12646486
overview,United Kingdom,K02000001,2021-02-07,278988,12294006
overview,United Kingdom,K02000001,2021-02-06,549808,12015018
overview,United Kingdom,K02000001,2021-02-05,494163,11465210
overview,United Kingdom,K02000001,2021-02-04,480560,10971047
overview,United Kingdom,K02000001,2021-02-03,469016,10490487
overview,United Kingdom,K02000001,2021-02-02,374756,10021471
overview,United Kingdom,K02000001,2021-02-01,350348,9646715
overview,United Kingdom,K02000001,2021-01-31,319038,9296367
overview,United Kingdom,K02000001,2021-01-30,598389,8977329
overview,United Kingdom,K02000001,2021-01-29,487756,8378940
overview,United Kingdom,K02000001,2021-01-28,414419,7891184
overview,United Kingdom,K02000001,2021-01-27,312378,7476765
overview,United Kingdom,K02000001,2021-01-26,311060,7164387
overview,United Kingdom,K02000001,2021-01-25,279757,6853327
overview,United Kingdom,K02000001,2021-01-24,220249,6573570
overview,United Kingdom,K02000001,2021-01-23,491970,6353321
overview,United Kingdom,K02000001,2021-01-22,478248,5861351
overview,United Kingdom,K02000001,2021-01-21,409855,5383103
overview,United Kingdom,K02000001,2021-01-20,363508,4973248
overview,United Kingdom,K02000001,2021-01-19,343163,4609740
overview,United Kingdom,K02000001,2021-01-18,204076,4266577
overview,United Kingdom,K02000001,2021-01-17,190107,4062501
overview,United Kingdom,K02000001,2021-01-16,296131,3872394
overview,United Kingdom,K02000001,2021-01-15,341317,3576263
overview,United Kingdom,K02000001,2021-01-14,316694,3234946
overview,United Kingdom,K02000001,2021-01-13,278943,2918252
overview,United Kingdom,K02000001,2021-01-12,207661,2639309
overview,United Kingdom,K02000001,2021-01-11,145076,2431648
overview,United Kingdom,K02000001,2021-01-10,,2286572
